252366496
252366449
252366359
252366027
251964067
252357222
252357095
252366351
252356927
252366218
252366398
252359004
252366410
252366447
252354817
252366531
252366505
252357306
252366509
252366470
252357130
252296714
252366477
252366450
252357052
252357140
252363247
252366497
252366400
252205790
252366331
252357162
252366250
252366461
252366456
252366451
252366290
252366344
252357020
252366220
252035997
252366267
252366375
252366291
252365959
252366553
252366494
252357283
252357287
252366268
252366552
252366493
252357325
251523700
252366513
252357205
251976300
252335470
252366463
251956914
252366352
252037309
252366128
252366402
252364917
252366360
252356467
252366178
252356961
252366347
252366284
252350285
252366294
252366324
252366240
252366441
252357039
252366270
252366348
252366353
251815788
252366401
252357107
252366121
252366436
252366426
252366422
252366378
252366417
252366340
252366361
252356844
252366266
252353930
252356894
252356673
252354557
252366234
252356926
252356864
252366282
252356944
252366256
252366283
252355022
252356803
251843861
252366281
252356815
252359013
252356897
252356860
252356819
252366258
252356338
252365895
252356821
252353401
252356784
252356760
252022256
252344096
252344021
252339875
252366172
252365975
252254868
252366073
252356806
252366065
252366192
251905988
252366029
252356743
252366184
252366184
252192204
252366188
252320433
252366118
252325704
252356737
252325835
252366138
252366129
252307455
252366148
252366187
252366124
252356546
252366230
252218328
252366261
252365986
252366228
252366198
252366246
252355577
252365997
252356777
251509878
252356677
252356791
252356702
252356740
252366120
252356556
252356496
252366089
252366142
252366123
252366151
252362185
252356505
252356541
252356398
252366146
252366099
252366122
252366107
252365850
252365912
252363909
252365917
252365834
252365826
252365875
252365933
252365888
252365883
252365835
252365927
252365885
252036797
252365855
252365983
252366091
252366086
252366052
252356451
252366022
252356372
252356403
252365974
252365989
252356442
252356456
252356427
252257910
252365995
252365987
252365899
252356405
252366001
252365945
252365944
252354266
252362365
252365894
252365977
252365972
252365956
252365950
252365880
252365879
252366059
252356547
252365985
252356435
252366117
252366098
252366074
252366111
252356395
252366085
252354054
252358886
252362720
252356280
252356423
252365713
252365735
252201330
252365733
252365745
252365782
252365750
252365795
252122369
252051208
252365753
252365116
252365757
252365806
252365734
252111398
252365740
252355986
252352831
252365718
252365683
252365748
252365751
252365663
252365709
252365731
252365726
252365654
252365163
252364245
252365682
251876944
252365707
252365679
252365536
252365637
252365500
252365575
252365691
252365554
252365681
252365625
252364959
252365006
252365627
252365838
252365877
252365906
252365901
252365837
252365881
252365886
252365828
252364459
252365799
252365695
252365760
252365775
252365846
252344259
252365573
252365022
252365076
252365659
252364995
252365103
252365052
252365557
252365535
252365578
252365014
252365661
252365521
252365077
252364530
252365546
252365621
252365125
251968761
252365284
252365455
252365176
252365425
252365512
252365579
252365587
252365572
252365549
252365526
252353812
252365542
252365566
252365548
252365556
252350098
252365428
252365507
252365276
252363891
252365470
252365167
252365156
252365454
252365481
252365506
252252042
252365571
252365631
252365515
252365603
252365641
252364233
252355297
252365490
252365508
251818833
252365581
252365567
252365494
252365122
252365449
252365250
252362077
252365346
252365070
252365238
252365424
252365390
252128462
252365413
252365093
252365310
252365147
252365409
252365148
252365391
252365361
252365378
252365374
252365018
252365235
252345100
252365160
252365227
252365217
252365183
252365178
252353925
252365278
252365210
252365115
252365058
252365247
252365375
252365396
252365110
252336006
252365386
252365207
252365388
252365221
252365266
252363178
252365215
252365421
252202184
252365311
252365270
252365300
252365327
252365371
252365334
252361976
252365351
252365356
252365295
251886498
252365307
252365257
252365259
252365283
252365288
252365224
252365195
252364348
252365185
252351746
252365171
252365124
252365134
252343316
252365068
252346034
252350320
252365065
252365057
252365126
252344465
252365053
252365045
252364974
251785861
252200161
252365098
252365084
252175412
252365033
252365082
252365025
252365081
251500465
252364953
252364814
251969764
252364981
252364804
251953576
252364893
252364947
252364880
252364881
252364860
252364931
251819356
252364858
252148351
252365024
252364993
252365029
252365031
252364955
252364946
252364945
252364983
252364982
252364957
252363724
252364961
252364890
251500465
252364926
252364840
252350209
252364891
252354034
252364864
252040129
252364844
252364838
252364847
252174109
252364799
252364790
252364805
251828231
252343946
252364785
252364851
251863763
252364187
252364846
252364802
252364788
252364841
252364827
252364780
252356355
252364787
252364759
252364695
252364811
251896172
252364782
252279123
252364796
252364756
252355811
252364786
252356242
252364718
252364739
252364766
252364699
252356253
252364310
252364694
252363017
252364675
252364733
252364705
252355806
252353377
252364751
252364736
252355653
252364704
252364729
252364728
252356228
252364650
252355816
252364731
252355807
252364688
252355625
252364678
252355748
252364697
252355758
252364677
252364682
252364692
252364644
252364469
252355709
252355717
252364594
252364701
252355739
252355673
252355742
252136479
252355741
252364618
252364648
252355766
252364657
252364631
252364614
252364599
252355711
252364662
252355600
252354223
252364641
252364646
252364635
252364607
252355571
252364575
252364623
252364612
252364560
252364606
252364632
252364636
252355732
252364569
252364539
252364400
252364602
252364596
252364559
252364557
251807090
252364462
252359088
252364568
252364499
252364572
252364483
252364425
252364454
252364428
251804711
251888135
252364453
252364471
252301484
252364399
252355478
250694412
252364445
252364468
252364427
252364549
252364492
252144946
252364550
252364542
252364402
252355437
252355544
252364192
252303850
252352235
252364517
252364551
252364541
252364502
252362087
252364480
252257708
252355469
252364516
252335924
252364474
252364513
252364292
252364506
251885256
252364429
252355550
252357123
252355423
252364420
252364466
252364140
252364388
252355449
252364447
252355409
252348329
252364410
252364329
252355374
252364443
252364250
252364437
252326325
252358973
252364345
252364075
252364384
252364422
252364323
252355333
252355442
252355346
252364383
252355360
252364349
252015691
252364380
252364330
252364305
252362106
252364298
252364078
252363002
252364209
252364051
252364215
252364279
252355090
252355237
252364275
252364263
252364296
252359901
252364154
252364387
252355337
252364363
252364258
252364377
252364372
252363838
252355283
252364352
252355313
252364290
252364327
252364362
252364332
252364272
252354846
252355213
252355263
252355093
252355103
252364123
252355268
252364205
252355153
251815636
252364236
252204249
252364194
252364156
252364246
252355098
252355727
252364203
252353666
252364227
252364221
252364218
252354977
252359711
252353050
252355060
252362377
252364129
252355081
252363828
252355121
252363921
252364160
252364158
252321681
252355029
252355136
252364019
252364157
252364161
252354980
252364146
252364058
252355039
252364103
252364030
252364077
252364052
252364099
252354848
252354844
252364106
252363968
252363387
252364070
252364087
252363975
252364067
252364082
252364151
252354979
252364115
252353255
252364114
252363795
252354883
252364128
252354892
252364126
252364080
252363945
252363869
252364109
252364103
252363264
252363974
252364010
252364041
252363426
252364009
252364046
252363980
252354759
252322885
252356292
252364023
252354813
252364018
252120594
252364022
252344176
252363885
252363955
252354748
252354002
252363982
252363950
252363996
252354713
252363969
252358843
252354684
252363967
252363677
252354685
252363825
252354776
252363956
252363905
252363966
252363922
252363933
252363894
252354537
252363961
252358343
252304331
251913523
252354375
252363946
252299139
252354387
252354190
252363941
252363917
252363932
252354169
252363937
252346723
252363844
252363860
252350059
252354310
252354315
252354369
252354399
252354413
252363850
252354337
252354373
252363773
252363871
252354423
252361242
252354402
252363826
252363886
252363190
252354377
252363611
252363852
252363829
252363817
252354243
252363840
252363847
252354363
252354285
252363720
252354372
252354352
252363282
251973518
252354177
252354314
252354252
252363609
252363804
252363790
252363789
252363836
252363808
252363827
252354253
252354100
252363774
252363744
252363788
252354145
252354005
252354164
252363742
252349577
252354080
252354154
252354141
252363625
252354152
252109992
8418952
252354202
252363679
252363704
252354131
252354000
252363723
252354182
252363786
252354033
252354147
252353977
252353979
252194599
252363767
252363729
252353970
252353973
252363710
252271042
252363630
252363762
252353870
252353854
252363715
252363695
252353878
252363672
252312933
252363732
252363727
252354003
252363620
252363706
252353877
252363654
252363646
252355367
252353830
252363639
252352372
252363619
252353753
252363655
252353697
252353859
252363562
252353823
252314411
252353738
252353743
252363560
252353782
252353642
252363647
252353731
252363684
251958269
252363660
252353698
252363254
252256264
252363657
252353510
252363216
252363652
252363610
252363484
252363662
252363634
252353651
252353612
252363633
252004691
252363527
252353580
252363594
252363598
252122300
252353667
252353570
252363534
252363544
252363626
252363637
252355163
252363622
252363604
252353565
252021004
252363584
252353620
252363589
252353589
252353558
252353577
252362937
252363470
252353536
252353476
252353513
252362964
252353400
252353430
252363583
252363514
252363550
252363554
252353512
252363460
252363540
252353495
252363508
252363056
252363459
252361579
252363111
252363049
252362995
252363543
252363469
252363080
252353403
252363516
252363522
252353332
252363517
252353471
252363538
252363487
252363494
252363462
252353445
252353439
252346262
252353376
252363480
252353420
252353442
252353370
252363310
252363230
252353304
252353207
252353200
252363442
252363448
252363326
252353369
252353009
252363415
252363436
252363148
252363203
252363219
252363455
252363511
252363432
252362608
252363454
252363186
252363453
252353353
252167271
252363478
252363425
252363472
252363360
252363481
252363476
252363420
252363339
252353276
252353172
252353197
252353145
252363406
252363419
252363392
252363383
252353230
252361907
252353119
252363396
252350928
252363382
252353129
252363269
252363328
252363372
252353162
252353182
252363352
252161069
252354768
252353051
252320714
252363318
252352978
252353115
252363252
252363223
252353059
252353077
252363277
252363292
252363293
252363351
252353000
252353063
252352741
252363211
252352911
252353012
252352919
252352805
252363253
252353036
252363258
252363048
252352718
252363019
252352865
252352891
252042705
252363067
252363236
252327808
252352878
252352858
252363213
8486479
252336357
250638727
252363089
252363038
252363175
252352815
252352799
252363162
252363144
252002694
252363143
252363227
252352494
252352824
252363197
252363202
252361813
252363025
252363204
252363155
252363163
252354431
252363226
252352847
252352737
252352655
252363160
252363100
252363152
252352697
252363113
252363003
252363158
252352582
252363013
252352668
251802037
252363133
252363128
252352535
252354324
252363107
252354328
252019254
252352445
252362702
252341140
252361740
252363041
252352420
252362999
252354172
252352431
252337244
252363061
252352432
251950024
252352424
252363044
252362965
252363126
252363103
252363084
252363039
252362955
252362946
252352485
252348510
252352552
252363047
252339670
252346305
251831265
252352300
252352421
252283855
252362960
252362954
252362988
252352310
252352250
252363021
252352321
252349401
252362277
252362989
252341771
252362911
252362961
252362929
252348241
252362942
252362902
252362899
252275304
252362874
252362926
252362855
252362870
252362880
252362854
251621585
251183109
252353856
252294967
252344046
252362881
252362844
252362847
252362861
252362856
252362851
252362799
252362839
252362771
252002061
252362759
252362805
252352292
252279984
252349593
252353959
252362992
252362710
252362950
252362952
252362769
251534752
252362786
252362920
252362957
252113906
252362966
252362753
252362783
252344056
252351739
252105143
252353657
252362803
252362193
252362729
252362772
252362735
252362791
252232731
252362776
252362757
252353718
252362736
252362763
252362756
252353701
252362718
252362665
252362742
252362746
252362669
252362733
252351247
252362660
252362698
252254580
252353540
252362731
252362639
252362716
8327213
252362705
252351614
252362685
252362692
252351588
252362693
252362626
252362658
252351616
252362119
252351602
252362678
252129976
252351572
252362638
252350183
252351551
252362686
252362624
252351508
252130465
252362666
252362661
252351555
252362560
252351581
252360137
252362515
252362575
252362636
252362619
252351418
252362623
252362586
252362615
252362614
252201424
252362514
252362425
252362446
252328977
252362574
252349452
252351516
252362538
252362579
252362524
252362570
252337821
252362553
252362546
252362454
252362507
252362537
252362557
252362439
252362483
252362474
252361378
252019054
252362487
252362443
252351390
252362471
252362355
252362442
252351258
252362448
252362447
252351403
252351451
252357113
252362566
252362479
252351467
252360249
252362505
252362284
252351382
252349932
252362490
252351437
252362489
252351319
252362488
252351417
252351291
252351330
252362304
252181728
252362400
252349277
252351347
252351323
252362436
252362374
252362323
252362426
252362366
252362416
252362269
252362363
252351168
252351232
252351062
252362396
252362382
252362249
252351163
252362340
252362333
252351145
252362338
252351210
252362112
252351210
252362112
252351130
252351212
252351159
252351110
252351088
252351093
252362336
252351094
252362326
252362260
252362255
252177240
252362253
252351138
252362272
252362308
252359553
252362258
252362257
252351035
252362321
252361847
252351063
252361009
252362188
252351071
252351030
252351073
252351076
252362307
252362267
252350961
252362243
252351066
252350919
252351669
252350794
252350940
252339172
252362252
252350943
252359977
252357856
252101418
252362179
252350529
252362128
252362148
252362168
252350735
252362198
252350774
252350557
252350660
252350730
252362157
252350706
252350649
252350958
252361331
252350874
252350827
252350858
252350868
252215289
252350870
252350908
252362143
252362201
252350769
252350851
252346650
252362104
252350716
252362166
252362137
252350553
252350689
252362115
252350676
252361956
252362133
252362135
251809952
252350597
252361902
252350641
252350654
252362122
252362094
252362054
252362090
252362116
252362067
252361961
252337173
252350449
252362102
252362082
252359771
252362023
252350484
252350551
252361951
252361881
252350432
252350443
252362015
252361691
252334708
252361984
252350319
252362037
252350406
252362026
252361945
252361912
252350275
252350551
252343940
252349842
252362062
252362044
252361935
252362074
252346434
250680624
252361920
252166902
252361991
252224016
252362047
252361951
252361846
252362012
251969880
252350245
252350300
252361983
252361884
252362016
252350303
252361974
252361829
252360206
252323690
252361934
252352527
252361955
252361924
252331168
252350257
252350243
252336539
252361897
252361959
252361949
252063297
252361883
252350278
252361925
252361942
252090403
252361662
252361946
252361952
252361854
252361905
252361941
252361896
252361910
252350176
252350104
252346450
252361864
252361867
252350115
252180125
252361765
252350095
252350012
252330912
252110969
252349930
252350049
252346348
252361871
252352383
252350024
251807093
252361787
252361851
252361827
252361774
252349991
252361763
252349884
252361797
252349850
252361768
252361685
252361783
252361689
252349964
252344792
252349892
252361729
252349888
252349898
252349857
252343969
252361700
252349680
252361687
252349855
252361710
252349725
252349806
252349640
252349833
252361747
252361752
252349794
252361746
252361727
252349752
252361716
252353530
252361665
252361703
252361698
252361712
252343685
251952498
252361694
252361652
252361681
252361677
252361658
252349608
252361642
252361637
252361555
252272933
252361464
252349595
252349465
252349590
252238714
252361573
252361636
251866702
252361530
252361580
252196176
252361598
252361582
252019375
252342531
252349536
252361551
252361585
252361584
252349495
252349453
252349403
252349531
252349490
252361455
252361567
252361545
252349526
252361503
252361524
252361520
252349484
252361449
252361518
252361527
252349369
252361513
252361507
252361394
252361482
252361468
252349322
252361379
252361481
252361486
252345557
252361479
252345747
252360706
252361440
252361387
252361424
252361431
252183500
252295302
252361412
252361402
252361421
250725293
252361325
252361396
252359579
252361406
252361377
252361333
252361342
252361351
252361305
252242785
252361308
251989036
252361170
252361268
252361316
252360959
252361294
252361223
252349307
252361301
252361245
252361291
252357053
252361292
252361252
252361260
252361234
252361274
251935729
252361165
252361266
252360958
252355329
252361271
252326342
252282015
252361233
252361208
252361201
252361257
252169598
252312234
252361232
252361236
252361221
252361140
252361206
252361145
252360696
252344018
252361120
252361075
252361155
252361163
252361172
252361139
252361117
252361159
252361157
252361156
252361142
252343847
252361015
252361063
252361112
252361126
252361029
252361085
252361088
252361045
252361073
251903970
252360960
252360998
252361076
252360994
252360602
252361010
252360419
252360997
252361038
252360982
251865970
252360986
252361023
252361011
252334524
252360902
252360976
252360969
252360968
252360939
252360953
252360744
252360966
252360961
252360957
252360885
252358707
252360951
252360917
251993565
252360932
252360923
252360928
252360903
252360907
252360853
252360836
252360840
252360745
252348058
252360897
252360830
252360789
252360791
252360772
252360670
252360776
252360715
252360753
252360735
252072426
252360756
252360737
252360713
252357402
252360678
252360721
252360609
252360789
252360465
252360872
252360876
252360819
252360807
251793487
252360548
252356610
252202806
252360821
252360665
252360729
252360797
252360764
252360090
252316244
252360655
252360687
252360654
252360403
252359954
252360672
252360668
252360657
252334158
252360651
252342031
252360612
252360625
252360625
252360640
252360587
252360607
252360641
252360620
252360618
252356595
252360632
252360623
252358719
252118686
252360631
252338912
252360560
252337915
252360474
252360571
252360588
252360611
252360395
252360577
252360545
252356118
252360586
252336307
252360551
252360514
252360499
252355948
252355948
252360537
252348576
252360503
252360531
252360480
252344920
252360488
252360497
252360513
252360483
251865684
252332211
252360412
252360439
252360496
252360429
252356490
252360297
252349509
252360315
252360481
252360427
252360365
252360428
252360399
252360461
252360302
252358708
252360380
252360379
252360436
252360383
252360385
252360407
252360421
252360411
252360320
252360319
252360298
252133532
252360391
252360344
252360285
252360311
252360311
252360372
252360358
252360352
252360339
252360310
252360340
252360361
252360265
252360245
252360294
252360342
252360309
252360262
252360303
252360341
252360219
252360229
252360268
252360288
252349337
252357666
252360135
252360237
252360195
252360252
252001598
252360213
252360190
252349356
252360232
252360198
252360175
252360164
252360226
252360081
252360223
252349361
252349183
252349268
252360007
252360201
252360182
252349306
252349139
252349139
252360163
252360169
252360123
252360176
252360172
252349065
252349178
252349140
252349281
252360128
252360069
252360154
252360157
252360161
252360066
252348935
252256462
252360046
252360043
252360042
252360028
252360041
252359982
252359987
252216136
252360008
252359950
252360013
252349016
252360146
252360114
252360098
252356658
252360109
252360111
252360102
252360025
252331547
252360038
252360082
252291856
252360076
252360071
252360053
252359959
252359970
252358962
252359972
252359963
252359991
252359962
252359992
